
20220201 09 UTC:
TMP_P0_L105_GLC0 = 0.00000000
SPFH_P0_L105_GLC0 = 0.00000000
UGRD_P0_L105_GLC0 = 0.00000000
VGRD_P0_L105_GLC0 = 0.00000000
HGT_P0_L105_GLC0 = 0.00000000

20220201 10 UTC:
TMP_P0_L105_GLC0 = 0.00000000
SPFH_P0_L105_GLC0 = 0.00000000
UGRD_P0_L105_GLC0 = 0.00000000
VGRD_P0_L105_GLC0 = 0.00000000
HGT_P0_L105_GLC0 = 0.00000000

20220201 11 UTC:
TMP_P0_L105_GLC0 = 0.00000000
SPFH_P0_L105_GLC0 = 0.00000000
UGRD_P0_L105_GLC0 = 0.00000000
VGRD_P0_L105_GLC0 = 0.00000000
HGT_P0_L105_GLC0 = 0.00000000
